HR|O2Sat|Temp|SBP|MAP|DBP|Resp|EtCO2|BaseExcess|HCO3|FiO2|pH|PaCO2|SaO2|AST|BUN|Alkalinephos|Calcium|Chloride|Creatinine|Bilirubin_direct|Glucose|Lactate|Magnesium|Phosphate|Potassium|Bilirubin_total|TroponinI|Hct|Hgb|PTT|WBC|Fibrinogen|Platelets|Age|Gender|Unit1|Unit2|HospAdmTime|ICULOS|SepsisLabel
-0.24751|-1.33868||-0.67124|-0.51846|0.07662|-1.44576||0.20580|0.03625|-0.77890|-0.55110|-0.82900|0.97273|-0.22016|-0.62526|-0.29421|0.44637|0.57343|-0.64165|-0.33549|-0.62590|0.09418|0.38283|1.42504|-0.40559|0.10420|-0.09928|0.04434|-0.26327||-0.16652|-0.39467|-0.25542|0.79367|1.02593|0.20323|0.43617|1.45701|1.00000|0
-0.09924|-1.79605|0.69031|-1.00474|-0.34872|0.35476|-1.33167|0.13361|0.44171|-0.24281|-1.48521|0.05925|-1.03672|0.78230|0.13066|-0.76194|-0.53109|0.67509|1.21500|-0.56574|-0.42003|-1.27446|0.82957|0.26619|1.13781||-0.54215|-1.05692|0.90719|-0.86035|0.17279|0.04595|0.59702|-0.09848||1.01294|-0.67326|-0.28769|1.04988|2.00000|0
0.36987|-0.91903|0.71310|-0.57522|-0.02519|-0.17889||1.16618||0.37491|-0.52808|0.23983|-1.25743|0.95692|0.56497|-0.06520|-0.67252|0.63335|0.62224|-1.21377|-0.14503|-0.51346||-0.34611|1.58158|0.16549|-0.40630|-1.26293|0.83568|-0.61726|0.59827||-0.80348|-0.16156|0.87756|1.22909|-0.33898|0.43761|0.80225|3.00000|0
-0.46527|-0.84434|0.69648|||0.03940|-0.28089|0.13004|0.68706|0.20050|-0.16340|-1.03695|-0.69826|1.21090|0.53233|-1.19279|-0.75000|0.29046|0.69593|-0.25367|-0.56270|-0.56775|0.57917|-0.41923|0.93453|-0.23340||-0.05516|0.42028|-0.60640|-0.12458|-0.92671|-0.40494|-0.35215|0.47264|0.70422|-0.10550|0.97737|0.95423|4.00000|0
-0.45987|-0.24586|0.82778|-0.42993|0.04740|0.69902|-1.24277|0.85534|0.82567|-0.00554|-0.25636|-0.46448|-1.07316|0.60202|0.29611|-0.64547|-0.37629|-0.05798|0.80884|-0.84834|-0.36568|-0.95026|0.31877|0.01194|0.55647|0.31739|-0.46531|-0.48803|0.19454|-0.57458|0.10949||0.12540|0.06334|1.01492||-0.67230||1.40647|5.00000|0
0.11756|-0.90622||-0.26496|0.06700|-0.03919|-0.59873|0.60890|0.84248|-0.07819|-0.21872|0.09306|-0.73402|0.30832|0.32197|-0.39532|-0.90225|0.57607|0.37960|-0.40482|0.26968|-1.16644|0.70907|0.25172||-0.53355|-0.02864|-0.34906|0.74823|-0.91412||0.24308|-0.04309|-0.02904|0.67067|1.41116|-0.16561|0.49095|0.81702|6.00000|0
0.27061|-0.95252|1.12675|-0.48573|-0.75180|0.45448||0.36351|-0.07456|-0.09515|-0.82079|0.39837|-1.04997||-0.17471|-0.31910||0.02571|0.84189||0.14033|-1.38633|0.36994|-0.13608|0.81834|0.51458|-0.95781|0.10979|0.01105|-0.88103|1.21593|-0.57868||-0.04969|0.67081|0.88232|-0.25197|-0.01800|1.04477|7.00000|0
-0.28292|-0.87385|1.26718|0.05026||0.43755|-1.10079|0.31199|0.40543|-0.38138||-0.93830|-1.28539|0.84336|0.45966|-0.58639|-0.55895|0.56391||-0.74864|-0.33159|-0.34220|0.28082|-0.06685|0.73595|0.09139|-0.32518|0.26456||-0.63362|0.75818|0.71720|-0.72367|0.03614|0.61596|1.03417|-0.34726|0.17790|0.88489|8.00000|0
0.02313|-0.90021|0.52861|-0.65371|0.41958|0.46449|-1.04054||0.27024|-0.21715|-0.78675|-0.33682|-0.78484|0.99629||-0.44904|-0.47284|0.19721|||-0.56506|-0.96991|0.04221|0.24306|1.22643||-0.44491|-0.55427|0.44070|-0.87434|0.36592|-0.14479|0.21189|-0.19335||1.39244|-0.13116|0.22358||9.00000|0
0.18442||0.71833|-0.42949|0.39880||-0.54481||0.75948|0.36901|-0.52114|-0.08883|-1.25004|1.69226|0.14427|-0.36905|-0.03216|0.16971|0.85987|-0.97699|-0.30819|-1.11852|0.57710|0.05566|1.08799|-0.15939|-0.27771|-0.56620|0.81158|-0.68677|0.48497|-0.25321|-0.10218|-0.93581|0.67138|1.08325|-0.44333|0.02952|0.76466|10.00000|0
|-0.99449|1.17583||-0.01248|-0.08343|-1.27877|1.65588||-0.26527|-0.54591|0.07633|-1.43966||0.03043|-0.18019|-0.44607|0.15489|0.56833|-1.53471|0.01408|-1.48326|0.25627|0.65892|1.14923|0.14608|-0.30908|-0.15753|0.50320|-1.08670|0.89042|0.05968|-0.72890|-0.61417|0.78976|0.69165||0.56782|1.71402|11.00000|0
|-1.48689|0.71009|-0.59984|-0.23342|0.31253|-0.94162|0.32356|0.38951|-0.06496|-0.41276|-0.04384|-0.70350|1.19414|-0.56602|-0.58337|-0.55928|0.11754|1.21221|-0.46124|-0.35280|-0.94715|0.81657|-0.01898|1.18443|0.24387|||0.61721|-0.66399|0.25207|-0.16617||-1.39385|0.74503|1.39230|-0.21869|0.23589|1.36415|12.00000|0
0.17383|-0.18965|1.09358||-0.20495|0.41536|-0.81850|0.55258|0.90266|-0.70803|-0.69008|-0.03869|-1.32048|0.75967|-0.19251|-0.26012|-0.21542|0.82080|1.02895||-0.23218|-0.79696|0.86458|-0.61971|1.41452|-0.67162|0.00137|-0.24423|0.66040|-0.61893|0.56416|-0.06687|-0.16022||0.56949||-0.64951|0.69808|0.83095|13.00000|0
|-1.21261|||-0.10519|0.80750|-0.41392|0.23068|0.70020||0.16693|-0.73163|-1.51403|0.95132|-0.07224||-0.37772|0.07054|0.10234|-0.72074|-0.27521|-0.77526|0.70584|0.15817|1.21049||-0.78931||0.82541|-0.69859|1.11957|0.09721|-0.87523|-0.22845|0.95342|0.67491|-0.78481|0.35935|1.23570|14.00000|0
-0.27003|-1.18605|0.45412|-1.07695|-0.32585|0.20447|-1.13744|-0.34416||-0.48569|-0.64906|-0.64193|-0.91441|0.28747|0.06795|-0.47400||-0.03573|0.64019|-0.79496|0.37935|-1.48405|0.48538|-0.12523|1.38988|0.15356|-0.19551|-0.31017|0.58182|-1.11634|0.35792||-0.40169|-0.76560|0.51766|1.30721|-0.12212|0.46151|1.36242|15.00000|0
-0.01709|-0.93900||||0.70824||0.49453|0.74606|0.13362|0.00156||-0.99756|0.81935|0.08852|-0.33902|-0.67788|0.58465|0.62222|-0.98762|-0.20546|-1.18672||-0.60324|1.54796||-0.28832|-0.24639||-1.15668|1.09692|-0.00919|||0.39294||-0.52552|0.65262|0.87966|16.00000|0
0.27676|-0.62647|0.54608|-0.24806|-0.31343|1.22970|-0.34636|0.33621|0.44113|-0.46896|-0.56452|-0.25158|-0.80068|0.81513|-0.46008|-0.68738|-0.04114|0.71113|0.79795||-0.38166|-0.98894|-0.17723|0.38794|1.06150|-0.02018|-1.09132|-0.32400|0.93130|-1.67093|0.93366|0.29807|-0.53183|-1.04226|0.98765|1.14483|-0.05507|0.21017|0.72412|17.00000|0
-0.48301|-0.63271|0.28341|-0.95346|-0.86497||-1.50547||0.75117|-0.10016|0.12348|0.34780|-0.84065|1.01647|-0.57990|||0.26547|0.39128|-1.03335|-0.60922|-0.64124|0.52553|-0.02242|1.18873||-0.48077|-0.49064|-0.09228|-0.70019|0.74765||-0.12725|-0.39044|1.28231||-0.69636|-0.05039|1.22852|18.00000|0
0.09388|-0.65294||-1.14321|-0.61757|-0.28493|-1.05039||0.56194|-0.23461|-1.26392|-0.02336|-0.79308|0.31807||-0.17763|-0.61299|0.61065|0.91315|-0.36323|-0.26535|-1.05439|0.55254|0.34958|1.36234|-0.22315|-0.51560|-0.53099|0.28811|-0.85876|0.47950|0.10773|-0.29167|-0.45873|1.12207|1.45862|-0.45186|0.43844|0.87514|19.00000|0
-0.25090||0.37828|-1.47904|-0.31720|||0.68585|0.39447|-0.08825|-0.88756||-1.09045|-0.02283|0.09724|-0.46962|-1.35784|0.53763|0.83350|-0.65953|-0.21070|-1.14449|0.01258|-0.06896|1.12929||0.36851|-0.57505|0.33634|-0.82325|0.60901|-0.10233|-0.63413|0.13349|0.94806|0.52273|-0.86009|0.01203||20.00000|0
-0.28867|-1.49105||-0.44948|-0.38964|0.14414|-0.73473|0.49158|0.13970|-0.15484|-1.05971||-0.89806|0.43680|0.09244||-1.25372|0.26697||-1.26049|-0.39318||||0.71725|-0.26334|-0.21061|-0.28383|0.61865|-0.54273|0.65380||-0.63220|-0.57662|1.67705|1.82240|0.01970|0.54345|1.31828|21.00000|0
0.49662|-1.07315|0.80330|0.09153|-1.10364|0.43573|-1.52169|0.28607|0.48837|-0.30820|-0.56054||-1.09317|0.36708|-0.11307|-0.90473|-0.29865||1.07987|-0.87476|-0.44072|-0.60046|0.40999|-0.57513|1.44294|||-0.55119|-0.00957|-0.90754|0.30905|0.82287|-0.44902|0.14856|1.06694||-0.54626|0.74749|0.93282|22.00000|0
-0.26264|-1.36373|0.70227|-0.98737|-0.92097|0.20977|-0.31140||0.49838|-0.14013|-0.44212|0.19384|-0.94698|0.60933|-0.11575||0.38084|0.09684|||-0.36274|-0.95881|0.80327|0.10200|0.80899|-0.76325|-0.27397|-0.81594|0.57486|-1.37847|0.29299|-0.38262|-0.42363|-0.67832|0.79636||-0.32741|-0.00986||23.00000|0
0.03946|-0.73143|1.33966|-0.30163|-0.15269|0.58010|-1.22923|0.29891|0.48378|-0.15352|-0.61249|-0.16942|-1.04705|0.62725|-0.54522|-0.13410|-0.31784|0.00909|1.01626||-0.30933|-1.64793|-0.04698|-0.13006|1.83588|-0.37829|-0.37725|-0.79929|0.30317|-0.81367|-0.30741||-0.06472||0.37866|1.38706|0.07684|-0.44071||24.00000|0
-0.40680|-1.05267|1.16610|-0.74697|-0.80708|0.07294||0.70527|-0.08158|0.16433||-0.26144|-1.56915|0.66598|0.37898||-0.06686|0.28462|0.87986|-0.64964|-0.11952|-1.14563|0.75873|0.19342|1.67202|0.08843|-0.01922|-0.66702||-1.38545|0.31330|0.06928|-0.00377|-0.96235|1.72162|1.00565|0.17772|0.65540||25.00000|0
0.34240|-1.79179|1.10167|-0.97398|-0.55218|0.39107|-1.58253|||-0.44852|-0.37371|0.95007|-0.93664|0.96974|0.00330||-0.43319||0.90797|-0.41985||-0.12469|-0.20399|0.28340|1.46042|0.01337||-0.81130|0.39102|-0.90042|-0.00953|-0.24411|-0.10214|-0.16266|0.39115|0.80150|-0.51950|1.15649|1.14992|26.00000|0
0.17617|-0.14253|1.23956|-1.15638|-0.42201|0.16788||0.08168|0.38023|-0.56961|-0.50396|-0.26548||0.17392|-0.15088|-0.20214|-0.35409|||-0.90888|-0.59909|-1.12815|-0.05866|-0.07695|1.03389|0.86907|-0.01418|-0.48410|0.45327|-0.98000|0.47807|-0.01604|-0.30723|-0.16635|0.87680|1.15196|0.20016|0.36554|0.63184|27.00000|0
-0.42220|-0.97007|0.96761|-0.28010|-0.59519|0.02521|-0.66343|0.91995|0.34860|-0.07235|-0.14093|-0.16950||0.04197|0.48199|-0.20488|-0.48384|0.14768|0.40003|-0.77072||-0.62561|-0.05621|0.58061|1.27933||-0.60161|-0.29475|0.89837|-0.89808|-0.10391||-0.11318|-1.01755|0.07820|1.12608|-0.60080|0.52569|0.56395|28.00000|0
-0.45031|-0.42439|0.52508||-0.30703|-0.02500|-0.55113|0.56904|0.67276|-0.78042|-1.23713|-1.24790|-1.12729|0.69168||0.09048|-0.61626|0.21736|0.99614|-0.19898|-0.62764|||-0.04166|1.55363|-0.35959|-0.63468|-0.18216||||0.30136|-0.42948||0.73142||0.17753|0.58856||29.00000|0
-0.38418|0.05240|0.75183|-0.46182|||-1.22150||0.16997|-0.63291||0.17280|-0.80525|0.78624|0.02905|-1.01006|-0.28150|0.46276|0.46127|-0.66052|-0.40438|-1.18940|0.02575|-0.15893|0.93990|0.08105|-0.13026|-0.30044|0.40935|-1.07792|1.13021||0.12114|-0.39947|0.61259|0.86876|-0.34052|-0.12491|0.49418|30.00000|0
-0.75415|-0.65060|1.22173|-1.85878|-0.93346|||0.54954|0.66787|0.07447|-0.31662|0.34855||1.07821|-0.54701|-0.47250||0.80314|1.65944|-0.54144|-0.79012|-1.04537||0.14921|1.65333|0.25560||0.06717|0.30166|-1.12862|0.91326|0.03816|-0.77519|-0.98501|0.61081|1.36678||0.23275|0.81820|31.00000|0
-0.33234|-0.43185|0.91580|-0.56928|-0.47006|0.41780|-1.09070|0.27501|0.47496|-0.41237|-0.51129|-0.24618|-1.14690|0.70780|-0.05727|0.18373|-0.52516|0.10908|0.74002|-0.49790|-0.40392||0.28537|0.13828|1.40964||-0.82767|-0.78398|-0.44370|-0.65218|0.80544|0.58672||-0.11900|0.57769|1.00690|-0.80072|0.01875|0.77498|32.00000|0
0.64600|-1.31157|1.07737|-0.79175|-0.53253|-0.42920|-1.00580|-0.22678|0.41127||-0.68172|-0.33563|||0.33224|-1.01029|-0.50122|0.45167|0.56565|-1.28830|-0.11188|-1.24152|0.64691|0.34782|1.26955||0.08827|-0.28040||-0.87526|0.60985||-0.23044|-0.57361|0.54812|0.72164|-0.76211|0.68395||33.00000|0
-0.22059|-1.29877|0.77102|-0.09055|-0.49200|-0.30549|-0.22889||-0.21325|-0.09772|-0.31346||-0.81886|0.59226|-0.32668|-0.54886|-0.68454||1.62030|-0.89009|-0.59547|-0.70958|0.34788|0.54270|1.17808|0.04272|-0.22483|-0.35451|0.40160||0.99865|-0.10655|-0.48705|-0.64217|0.78718|1.18684|0.06152|-0.17492|1.07038|34.00000|0
|-1.50283|0.48878|-1.26639||-0.60620|-0.40478|0.33931|0.38552|0.01892|-0.69811|-0.55979|-1.37671|0.63768|0.47171|-0.14380|||0.79715|-0.97142|-0.18649|-1.32297|-0.17120|0.52740|0.63778||-0.78546|-0.42241|0.40568|-1.08639||0.09263|-0.30955|-0.83311|0.56590|1.39168|-0.51147|0.38032|0.58303|35.00000|0
1.00068|-0.90619|1.60023|-1.44617|0.60279|-0.59353|0.18605|-0.62202|0.30752|0.19296|-0.53754||-1.55596|0.87138|||-1.18015||0.91625|-1.06946|-0.79768|-1.30408|0.85770|0.04703|1.15902|0.09367|-0.24976|-0.32895|0.73392|-0.81635|0.72254|-0.27629||-0.64003|0.63058|1.03884||0.17625|1.31180|36.00000|0
0.59523|-1.75951||-1.91844|0.29158|-0.67229|-0.06172||0.80321|-0.12815|-0.70619|||0.94125|0.39098|0.27306|-0.38594|0.65209||-0.30930|-0.02883|-0.53005||0.24363|1.78749|-0.29676|-0.02630||0.21603|-1.31769|0.57545|0.18390|||0.33906|1.17527|0.13444|0.18223|0.89601|37.00000|0
1.54734|-1.49548||-1.79413|0.68903|-0.70934|0.07392|-1.25001|0.26745|-0.11564||-0.22330|-0.75032|0.86067|-0.36285|0.08378|-0.10423|0.08834|1.46211|-0.55553|-0.27434|-0.33616|-0.46260||1.53040|-0.14624||0.11946|0.65792|-1.35202|0.20860|0.43662|0.33043|-1.18767|0.69291|0.93608|-0.84056|0.25314|0.45258|38.00000|0
2.06503|-2.18545|||0.63415|-0.32076|-0.00445|-1.24619|0.83228|-0.41442|-0.74811|0.15535|-0.51188||-0.23594||-0.40917|0.10754|1.06788|-0.51977|-0.28511|0.02002|||1.64416|0.95573|0.14149||0.60765||0.24602|0.24306|-0.18698|-0.51747|||-0.78456|0.59705|1.00821|39.00000|0
0.94368|-1.98630|||0.86411||0.44449|-2.11992|0.39579|-0.08926||-0.35130|-0.95709||-0.18498|-0.65874|0.17286|0.04880||-0.68200|0.19435|-1.20016|0.57599|0.21778|1.21886||-0.49486|-0.41423||-0.64764|||-0.39874||0.30510|1.52972|-0.09877|0.60569||40.00000|0
2.34146||2.00630|-2.71834||-0.89749|0.40184|-1.51384|0.12844|-0.59922|-0.11368|-0.49311|-1.75737|1.13614||-1.61120|-0.51786|0.65950|0.98834||-0.35283|-0.77499|0.05272|0.16094|1.82363|0.11997|-0.17513|-1.06616|0.37060|-1.35149||-0.09792|-0.14637|-0.84109|1.26453|0.67015|-0.18965|1.22231|1.08077|41.00000|1
2.20780|-2.42286||-3.42698|0.84630|-1.66087|||0.38796|0.07184|-0.42489|-0.66020|-0.46994|0.71860|-0.55943||0.03233|0.77526|1.05796|-1.01292||-0.33705|0.68187|0.65947|1.03012|0.30043|0.09436|-0.90059|-0.06129|-1.15590||0.31472|-0.34733||0.57784|1.10599|||0.98955|42.00000|1
|-2.48633|1.70773|-2.17719|0.76537|-0.83079|0.50992|-1.70799|0.60600|-0.15166|-0.80695|-0.65263|-1.01463|0.85771|0.24003|0.03481|-0.60379|-0.34937|0.82057|-1.34430||-0.61995|||1.07913||-0.83854|-0.21634|0.38179|-0.26514|0.07650|0.50836|-0.50491||0.27762|1.33238|-0.38715|0.03305|0.95751|43.00000|1
||2.17005|-3.66351|0.63530|||-1.36981|0.08403|-0.56852|-0.53979|-0.34882|-0.47558|0.91780||0.21288|-0.66884|0.34431|0.52544|-0.61175|0.05520|-0.49944|||1.03406||-0.18444|0.09234|-0.32265|-1.66305|0.93587|-0.40105|||0.89321|||0.61052|1.02958|44.00000|1
2.63878|-2.37522|1.65650|-3.02331|0.69423||0.80289||0.78118||-0.46025||-0.80884|0.39089|0.60691|-0.27195|-0.33281|||-0.43979|-0.21815|||0.18875||-0.15379|0.61928|-1.02714|0.52938|-0.47437||0.59995|-0.70427|-0.82241|0.84213|0.98065|0.37234|0.40775|1.08618|45.00000|1
|-2.71144|1.65622|-2.74978||-0.82630||-2.10009|0.71995|-0.06854|-0.91792|-0.31818|-1.38483||-0.48665|0.21223|-0.77225|0.50214|0.78962||0.03197|-0.68109|0.31218|-0.19896|2.03686|0.45240|-0.16711|-0.47562|0.61745||0.87551|-0.16677|-0.24871|-0.75592|1.08745|1.71971|-0.25414|0.52091||46.00000|1
1.68440||||1.29808|-0.83006|0.16390|-1.45382||0.51319|-0.58372|-0.30839||0.90333|-0.43014|-0.34304|-0.59663||1.72363|-1.08073|-0.63153|-1.25938|0.18546|-0.12064|1.33223|0.34400||-0.90851|-0.12835||0.92288|-0.36449|-0.82540||1.01415||-0.15287|0.57230|1.13773|47.00000|1
2.68064|-2.74841|1.50802||0.24848|||||0.58910|-0.44417|-0.64030|-1.31273||-0.38497||-0.57174|0.29492|1.09674|-1.10861|0.36302|-0.59193|0.72817|-0.10601|1.92336|-0.15634|0.42186|0.00600|0.20331|||0.52413|-0.30811|-0.40781|0.70191|0.82022|-0.29009||0.87362|48.00000|1
