HR|O2Sat|Temp|SBP|MAP|DBP|Resp|EtCO2|BaseExcess|HCO3|FiO2|pH|PaCO2|SaO2|AST|BUN|Alkalinephos|Calcium|Chloride|Creatinine|Bilirubin_direct|Glucose|Lactate|Magnesium|Phosphate|Potassium|Bilirubin_total|TroponinI|Hct|Hgb|PTT|WBC|Fibrinogen|Platelets|Age|Gender|Unit1|Unit2|HospAdmTime|ICULOS|SepsisLabel
-0.51675|0.70936|-0.31491|0.12054|0.34206|0.67162|0.91114|0.42096|-0.87312|-0.04168|-0.20845|-0.33446|0.01478|0.70478|0.18675||||-0.11650|0.66419|-0.55389|-0.22479|-0.01168|-0.59241|1.42292|-1.15667|0.68144|-1.23076|0.59644|0.52202|0.46382|-0.06742|-0.61618|-0.51877|-0.60409|2.31370|-0.26178|0.11923|-0.45274|1.00000|0
-0.05689|0.70217|-0.15518|0.05345|0.45936|0.95748|0.47980|1.27033|0.01092|-0.26915|-0.66537|0.06986|-0.03993|0.67037|-0.82014|-0.97924|0.61660|0.72880|-0.11235|0.81596|0.16582|-0.30114|-0.44903|-0.27814|1.67254|-0.32021|0.94905|-1.09387|-0.41689|0.70429|0.12564|0.48151|-0.86311|0.31977|-0.38471|1.71585|-0.42737|-0.00081|0.13091|2.00000|0
-0.23098|0.73882|-0.27896|-0.36063|0.11855|1.03463|0.81724|1.25102|-0.22379|0.18188|-0.17052|-0.12184|-0.54136|1.05213|0.14204|-0.20520|-0.05403|1.54510|-0.11755|0.37982|-0.32242|-0.80668|-0.41229|0.01535|1.03168|-0.50564|0.87220|-0.60365|-0.64452|0.51641|0.08030||-1.02241|0.28418|-1.18975|0.99415|-0.23375|0.27927|-0.56194|3.00000|0
0.39049|0.53958|-0.23017|-0.43740|0.25054|0.68351|0.55390|0.83831|-0.24113|-0.23731|0.41169|-0.10773|-0.20003|1.09924|-0.31191|-0.94040|0.46433|1.24733|-0.02852|0.59331|0.53474|-0.56051|-0.49003|0.00688|0.69783|-0.65226|1.61156|-0.27821|0.08098|0.70882|0.41735||-1.04417|0.06936|-0.57770|1.85834||0.34932||4.00000|0
0.75433|0.83304|-0.33439|-0.37335|0.67877|0.50158|0.71426|0.57716||0.29289|-0.52028|-0.07817|-0.54868|0.49786|-0.33678|-0.65624|0.65423||0.41627|1.44515|-0.05360|-0.10371|-0.41859|-0.49731|1.28900|-0.55889|1.23840|0.29403|0.11444|0.65047|0.92484|-0.30161|-1.38957|0.08602|-0.84264|1.78422|-0.23916||-0.15586|5.00000|0
-0.19998|0.58176|0.06065|-0.44969|0.70373||0.53604|1.31094|0.18234|-0.47281|0.23458|-0.47308|-0.10143|0.68778|0.20245|-0.44376|0.63223||-0.46122|1.35687||0.18705||0.14982|1.74222|-0.57421||-1.12458|0.16460|0.41681|0.33124|0.17227|-0.86834|0.79735|-1.26222|1.55676|-0.37883|0.52127|-0.83610|6.00000|0
-0.20401|0.59965|0.13196|-0.21548|0.59884|0.34989|0.56717||-0.43701|0.20827|-0.53465|-0.82861|-0.79016|0.82161||-0.60721|0.26896|1.35473|-0.11676|0.29657|-0.69803|0.44464|-1.23713||1.61208|-0.52412|0.69200|-0.60430|0.16208|0.92433|0.06339|0.43538|-0.90124|0.60388|-0.12677|1.42119|-0.63541|0.25177|-0.06620|7.00000|0
0.01567||-0.58723|0.23966|0.38201|0.86439|0.49166|1.29118|-0.57022|-0.37114||-0.01012|-0.46466|1.13898|-0.49635|-0.70539|0.65606|1.04047|0.26746|0.92374|-0.38632|-0.84070|-0.06900|-0.02630|1.44596|-1.39774|0.40323|-1.35502|-0.44718|0.86616|0.57626|0.15726|-0.94369|0.48362|-0.71917|1.67997|-0.07907|-0.65223|-0.82271|8.00000|0
|0.31574|-0.43562||0.97507|0.75319||-0.32792|-0.44306|-0.87225|-0.44730|0.09767|-0.05624|0.32026|0.17731|-0.41883|0.01819|1.35851|-0.52084|0.31727|-0.76660|-0.68381|-0.10635|-0.55282|0.69885|-1.02639|1.05076|-0.72396|0.16153|0.25250|-0.07314|-0.00723|-0.97742||-0.51752||-0.33394||-0.21786|9.00000|0
|-0.02113|-0.08837|0.09889|0.52455|0.85633|0.90026|1.05843|-0.73970|-0.19418|0.22047|0.06364|-0.39054|0.75700|-0.28977|-1.21096|0.27418|0.88307|0.20190|0.36949|-0.42574|-0.64802|-0.79803|0.14751|0.92743|-0.54974|0.57843|-0.58354|-0.74415|0.32111|0.18899|0.35960|-0.94042|0.14208||1.59384|0.04551|0.36664|-0.72613|10.00000|0
0.03437|0.20475|-0.10303|0.29557|0.86485|0.69799|-0.00468|0.72572|-0.30243|0.18671|0.04120|-0.26980|-0.06348|0.80823|-0.19265|0.00294|0.79660|1.30506|0.12587|0.38385|-0.08411|-0.29101|-0.35330|-0.28368|1.08110|-0.77419|1.07603|-0.12279||-0.09427|0.02265|-0.40064|-1.28337||-0.49004||-0.05167|-0.16788|-1.20095|11.00000|0
-0.38172||-0.70843|0.34094|1.02845|0.76636|0.42600|0.52970|-0.26855|0.02867|0.17671|0.15006|0.09253|1.09354|-0.02421|-0.61892|0.39552||0.17215|0.79251|-0.58193|0.43880|-0.77148||1.18086|-1.38821|0.68761|-1.15594|-0.49625|0.43669|0.47124|0.53626|-0.72662|0.61252||1.35901|0.24281|-0.07613|-0.92145|12.00000|0
0.19153|0.42349|0.02061|0.21164|0.08632|0.79507||0.78455|-0.49639|0.27180|0.35302|-0.48374|-0.33006|0.54841|-0.12589|-0.40771|0.36503|0.40727|-0.08827||-0.17533|0.09093|-0.88311|0.07737|0.85439|-0.64487|1.10437|-0.38469|-0.36199|0.54622|-0.05045|-0.34423||0.17828|-1.19981||-0.14155|0.63712|-0.34269|13.00000|0
-0.70975|0.31151|-0.07661|0.04105||0.74507|1.05491||-0.29583|-0.54706|0.88913|-0.39441|0.09401|1.63887|-0.47124|-0.49841|0.15036|1.26117||1.39912|-0.07668|-0.31832|-0.04041|-0.20168|0.95350||0.67456|-0.79666|-0.14540|0.11111|-0.38044|0.51811|-1.28476|0.00741|-0.76428|1.17730|-0.52450|0.14894|0.13057|14.00000|0
0.17593|-0.18164|-0.25226|-0.51113|0.83131|0.74661||0.70946|-0.46747|-0.73696|0.37325|-0.68531||0.86648|-0.38848|-0.50865|0.62546|1.16794|0.09683|0.72634|0.01696|-0.96148|-0.30604|-0.43318|0.64964|-0.71226|0.82614|-0.42157|0.22433|-0.33316|0.33219|0.83399||0.70293|-0.59844|1.01835|-0.54244|0.34169|-0.37306|15.00000|0
-0.17942|0.43673|-0.85640||1.12741|1.59137|0.40178|1.38149|-0.44698||-0.61296|0.13371|-0.45577|1.78966|-0.02518||-0.36018||-0.09889|0.66211|-1.05528|0.00915|-0.08807|-0.31830|1.11420|-0.57599||-0.58847|0.44274|0.39673|0.14609|-0.01396|-1.89759|-0.08480|-0.28066|1.61444|-0.43415|0.21620|-1.41392|16.00000|0
0.09959|0.59091|-0.51351|0.22399|1.21696|0.67859|0.70063|0.19695|-0.94826|0.01172|0.18733|-0.12938|-0.52698|0.86991|0.14463|0.00339|0.19826|0.50535|0.47636||-0.04212|-0.24914|0.38139|-0.07761|1.26384|-1.36014|0.76162|-0.86352|-0.16869|0.60544||0.75740|-1.38059|0.04166||1.08537|0.05384|0.31692|-0.80836|17.00000|0
-0.05418|0.44634|-0.57741||0.34273||0.28287|1.01236|-1.09629|-0.59891|-0.46650|0.27133|-0.52007|0.79309|-0.52445|-0.28246|0.13039|1.16141|-0.68187|1.13130|-0.14213|-0.11915||-0.17131|1.02571|-0.45927|1.11438|-0.70829|-0.14224|0.30741|0.61137|0.47919|-1.00503|0.85866|-1.16973|1.44245|0.45475|-0.05159|-1.26606|18.00000|0
0.10949|-0.06987|0.03166|-0.45195|0.09474|0.77686|0.27485|0.35923|-0.38760|-0.55295|0.19535|-0.20542|-0.05956||-0.60456|-1.05914|0.18957|1.62383|0.32964|0.49726|0.05128|-0.71831||-0.23694|1.35502|-0.49133|0.86857|-0.50653|-0.53120|0.45913|0.74187|1.59078|-0.75926|0.23186|-0.98515|1.89678|||-0.57858|19.00000|0
0.45952||-0.43889|-0.28752|0.10252|0.33917|0.59949|0.96380|-0.13542|-0.10671|-0.02185|-0.07030|-0.83725|||-0.13120|0.11360|0.96800||1.35051|-0.80438|-0.46067|-0.34771|0.32590||-0.48370|0.86081|0.21350|-0.00519|0.43820|0.24452|0.52423|-0.76688|-0.17901|-0.55301|1.05505|-0.40951||-1.16972|20.00000|0
|0.53556|0.04103|-0.17610|0.17261|1.11393|-0.26678|0.06659|-0.00268|0.03103|0.51780|-0.27217|-0.76328|0.79659|0.06287|-0.86470|0.02997|0.59561|-0.37623|1.01950|-0.11864|-0.71871|-0.80925|-0.29930|1.27878|-1.11967|0.90742|-1.37465|-0.59783|0.63372||-0.25287||0.48217|-0.76618|1.33546|0.03878|0.16656|-0.31274|21.00000|0
-0.28275|0.30861|-0.25969|-0.56837|0.22421|1.17327|-0.11276|1.09541|-0.15749|-0.24780|0.36506|-0.02833|0.10549|0.83565|-0.21591|-0.68091|0.93885|1.41884|-0.29091|0.60698|-0.52524|-0.30458|-0.35325|0.70489|0.44634|-0.34642|1.12141|-0.86580|-0.20693|0.31339||0.50890|-1.53651|0.66475|-0.75819|2.05538|0.00318|0.53290|-0.50254|22.00000|0
-0.05808|0.06108|-0.00001|0.16045|1.30573|0.13124||||-0.27586|0.92199||-0.62474|1.47998|0.28310||0.41473|1.17377|-0.26779|0.54657|-0.01666|-0.25629|0.22391|-0.21377||-0.82101|1.06920|-0.48132|-0.12682|0.20291|0.89209|-0.07362|-0.75032|0.10682|-1.04286|2.02714|-1.01710|-0.19461|-0.54572|23.00000|0
0.18902|0.32194|-0.39071|0.67206|0.49610|0.78330|||-0.02321|0.00570|0.18387|-0.43353|||||-0.01071|1.14827|-0.19186|0.45119|0.36220|-0.04117||-0.07350|1.43431|-0.42486|1.40232|0.21950|-0.22396||0.35622|-1.06514|-1.48207|0.22058|-0.39481|1.33681||0.56005|-0.83506|24.00000|0
0.54621|0.52647|-0.56846|0.43604|0.52297|0.71366|0.49999|0.57198|0.13203|0.08764|0.61728|0.02248||0.93542||-0.72204|1.31443|1.01667||1.14094|-0.00100|-0.30456|-0.49448|0.06323|1.39424|-0.42635|0.87676|-0.45390|0.15510|0.76921|-0.70206|-0.14237||0.13673||1.86385|0.08813|0.06880|-0.67992|25.00000|0
-0.27935|0.47240|0.32471|0.04468|-0.13357|0.97825|0.32471|0.72147|0.12524|-0.01952|0.09860|0.13156|-0.15193|1.02809|-0.01536|-0.49102|0.17361|0.94079|0.05729|0.40484||0.16053|-0.49779|-0.09445|1.05454|-0.68511||-0.58227|-0.42202|||0.53143|-1.66120|-0.15419|-0.26618|1.48949||0.24454|-1.05395|26.00000|0
-0.84019||-0.45066|0.11247|0.88818|0.54793|||-0.96219|-1.01676|0.72965|-0.21128|-0.53084|0.72952|-0.50298|-0.10633|0.26308|1.72805|-0.02117|-0.08378|0.03284||-0.49687|0.46250|1.00962|-0.28660|0.98060|-0.86826||0.29124|0.80806|0.50518|-0.96766|0.43080|-0.41581|1.44488|0.18524|0.03368|-0.47235|27.00000|0
-0.02918|0.51146||-0.22141|0.39580|1.10275|0.20939|0.91566|||-0.37140|-0.13479|0.06203|||-0.36090||1.01262|-0.12813|0.65202|-0.23770|-0.10862|-0.26348|-0.18801|1.12818|-0.55395|0.41743|||0.43426|0.28600|0.08336|-1.29055|0.45744|-0.51142|0.97125|-0.11843|||28.00000|0
-0.19740|0.40058|-0.28775|-0.09127|1.12885|0.93183|0.75828||-0.57787|0.41329|0.43788|0.16040|-0.60037|1.28350|0.03018|-0.76137|1.09772|1.30618|-0.02893|0.81314|0.06234|0.10732|-0.20375||1.62302|-1.11876|0.81910||-0.09943|1.01347|0.61366|-0.18985|-1.08544|0.58431|-0.79244|1.51450|-0.01450|-0.51729|-0.40816|29.00000|0
||-0.48502|-0.27828|0.67636|0.87864|0.51202|1.39515||-0.42852|-0.03071|0.42686|-0.40822|1.48088|0.44581|-0.76243|0.20512|1.13747|-0.24683||-0.39613|0.01066|-0.56366|-0.15126|||1.50887|-1.41785|-0.36221|0.70403|-0.10339|0.38788|-0.54431|-0.07657|-0.53344|1.15962|0.05629|0.15103|-0.60573|30.00000|0
0.10685|0.84372|0.00554|-0.48947|0.67994|1.02513|-0.03890|1.23456|-0.21203|-0.04826||-0.14847|-0.19257||-0.08573|-1.31472|0.77586|0.71822||0.40935|-0.54828|-0.09788|-0.72714|0.02000|0.77250|||0.08604||||0.37793|-0.74613|-0.33461|-1.00518|1.13907|-0.64848||-1.01844|31.00000|0
-0.02522|0.56211||-0.26623|0.58945|0.77079||1.04935|0.05842|0.05854|0.12251|0.51894|0.30917|0.85480||-0.15963|0.01660|||0.49646|-0.34005|-0.84122|-0.60038|-0.78091|1.90328|-0.16292|1.41566|-0.49617|0.21231|0.94974|0.73663|0.49342|-1.30621|0.36992|-0.79807|1.13048|-0.52532|0.26507|-0.31745|32.00000|0
0.54785|0.88177|-0.35480|-0.23695|0.55751|1.19179|0.32743|0.37494|-0.12139|-0.90583|0.24103||-0.19682|1.26482|0.05243|-0.32459|0.34343|0.81128|-0.03003|0.71318||0.27436|||0.84642||1.46842|-0.48797|-0.15965|0.23372||0.27050|-1.00739|0.25354||1.48521|0.46290||-0.66970|33.00000|0
-0.10821|0.07589|-0.31698|-0.39392|0.76067|0.85218||1.05039||-0.07484|-0.43957|-0.12232|-0.61136|1.02777|0.35720|-1.17734|0.35917||-0.61379|0.96562|-0.25073|-0.47285|-0.66652|1.03835|0.96395||0.65653|-0.73338|-0.27483|0.47388|0.01172|0.35876|-1.15894|-0.25891|-0.89887|1.40671|0.16896|0.28282|-0.80633|34.00000|0
|1.07938||0.08708|0.83589|0.51345|0.52651|||0.01479||0.21494||1.05774|0.70202|-0.96588|0.37009||||-0.20227|-0.03101|0.03500|-0.16354|1.17094|-0.71263||-0.61194|-0.53636|0.76206|0.97402|0.76580|-0.54307|-0.12010|-0.08150|1.29095|-0.14663|0.75939|-1.06319|35.00000|0
0.03356||-0.52983|0.07149|0.41933|1.21286|0.88878|0.27830|-0.41946|-0.29554|-0.22259|-0.57191||0.91847||-0.76795|0.47406|0.67929|-0.27478||0.19832|-0.86215||0.04599|0.68478|-0.78177|0.82439|-0.40901|-1.02534|-0.26940||0.52408|-1.04364|-0.38054|-0.44087|1.78903|-0.21411|-0.00246|-0.53485|36.00000|0
|0.55241|||0.26109|0.93673||0.67578|0.08279|-0.01306||-0.73212|-0.10884|0.78483|-0.40359|-0.87786|0.71643|1.39123|-0.20243|0.34067|-0.25790|-0.45564|0.16695|-0.59749|0.46136|-0.78281|0.98610|-0.55865|||0.25834|||0.30253|-0.31473||0.28516||-0.15782|37.00000|0
-0.43489||-0.76003|-0.68436|0.67508|1.15138|1.14427|0.74174|-0.32552||0.53657||-0.51257|1.23227|0.07576|-1.23409|0.55238|1.14912|-0.08853|0.59285|0.34923|0.24280|0.22519|-0.48808|0.87274|-0.37638||-0.85714|-0.77178||0.75010|0.32970|-0.91289|0.07134|-0.75268|1.75684|-0.37718||-0.86042|38.00000|0
0.38942|0.31543|-0.02901|-0.22162|-0.20588|1.03854|-0.01106||-0.78540|-0.83656|0.29869|-0.03180|-0.26694|0.56653|0.19028|-1.09225|0.12995|0.82563||||-0.09725|-0.17094|-0.68491|0.69350|-0.82747|0.77510|-0.49738|-0.81637|0.75368|0.63876|0.11033||0.21929||1.73967|-0.15795|0.36811|-0.83968|39.00000|0
-0.87155|0.01016|-0.05143||||0.49290|0.44089|-0.39704|-0.12274|0.15436|-0.31411|0.44931|0.99425|-0.46019|-0.25495|0.57967|1.52950|0.67403|0.41006||0.10407|-0.41377||0.05083|-0.89418|1.60813||-0.32778|0.60225|0.57961||-1.60661||-0.31253|1.08157|-0.14195|0.77291|-0.22724|40.00000|0
-0.97981|0.32021|-0.08797|-0.18436|0.55876|1.92622|0.38522|0.42168|-0.15761||0.08260|-0.21113|-0.03336|1.07441|-0.54121|-0.62606|0.45850|0.93777|0.45062|1.01082|-0.60948|-0.18286|0.28043|0.46002|1.08211||0.74649|-1.11190|0.05372|0.58776||0.16057|-0.87553|0.03782||1.83292|-0.14850|0.39818||41.00000|0
0.44069|0.98241|-0.13551|-0.11257|0.13787|0.97427|0.73273||-0.04700|-0.01213|0.34531|-0.57528|-0.11463||0.40030||-0.11484|1.57229|0.45239|0.51117||-0.64624||0.32781|0.30707|-0.34279|0.95969|-0.61056||0.61751|-0.01027||-1.14633|-0.21223|-0.06296|1.07629|-0.39223|0.00251|-0.68677|42.00000|0
0.22152|0.25982|-0.35765||0.86937|1.09114|0.27955|0.04033|0.50745|0.14914|||-0.48684|0.64092|-0.23708|-0.65747|0.07360|0.59147|-0.06092||-0.43592|-0.28710|-1.13865|-0.15871|1.05912|-1.12243||-0.46093|-0.42367|0.67240|0.23109|0.38734|-1.10820|-0.30998|-0.64368|1.42645|0.10202|-0.04447|-0.82560|43.00000|0
0.34332|0.63163|0.14001||0.85128|1.15441|0.60160|0.78308|-0.19286|0.65784|0.19580|-0.26353|-0.43177||-0.03524|-0.97550|-0.40076|1.20481||0.82938||0.10873|0.17068||0.90793|-1.10447||-0.59108|-0.86456|0.52781|0.37394|0.39477||0.25306||1.37893|-0.74869|0.15651||44.00000|0
|0.02225|0.27773||0.86228||0.12459|||-0.12131|0.34926|-0.18817|-0.43683|1.15445|-0.26237||0.05875||-0.18713|0.56552||0.11975|-1.00521||0.32763|-1.05935|0.80487|-1.39364|-0.79049||0.40538|0.12939|-1.27092|0.97137|-0.66986|1.23961|0.45938|0.32824|-0.81785|45.00000|0
-0.01005|0.59092||-0.43634|0.92158|0.90318|0.10699|0.49403|0.09176|||0.04844||0.45697||-0.25118|0.59576|1.66736||1.01079|0.29355|-0.39654||0.52108|1.37589|-0.04941|1.28052|||0.61571||0.22333|-0.51376|0.41067|-0.85695||0.12719|-0.14072|-0.84001|46.00000|0
-0.27745|0.48790|0.13299||0.99980|1.20475|0.86040|1.22840|-0.37446|0.05890||-0.22591|-0.46351|0.81444|-0.21451||0.47504|1.09382|0.08559|0.85737|||||0.32486|-1.37247|1.52023|-1.24430|0.02498|1.01850|0.21794|||0.54821||1.75930||0.29667||47.00000|0
-0.51021|1.17647|-0.41087|-0.08281|0.35172|0.89783|0.37967|0.62065|-0.66323||-0.06554|-0.07412||1.36444|0.52215||||0.05483|-0.00605|-0.36193|0.28109|-0.29254|0.31532|0.97471|-1.16817|0.82166|-0.73676|0.28897||0.12660|0.05131|-1.03264|0.10328|-1.04061|1.58220|0.00712|0.25685|-1.10159|48.00000|0
