HR|O2Sat|Temp|SBP|MAP|DBP|Resp|EtCO2|BaseExcess|HCO3|FiO2|pH|PaCO2|SaO2|AST|BUN|Alkalinephos|Calcium|Chloride|Creatinine|Bilirubin_direct|Glucose|Lactate|Magnesium|Phosphate|Potassium|Bilirubin_total|TroponinI|Hct|Hgb|PTT|WBC|Fibrinogen|Platelets|Age|Gender|Unit1|Unit2|HospAdmTime|ICULOS|SepsisLabel
-0.18083||0.07761|-0.49234|-0.21014|-0.69167|-0.98400|-0.74922|-0.51935||-0.24323|-0.13404|0.40163|-0.43773|0.46621|-0.08353|-0.06802|-0.61163||0.74624|-1.31821|||0.02326|1.42883|0.44891|-0.48564|-0.07424|0.71426|-0.11516|0.61393|-0.49172|0.52169|0.27224|-1.11776|0.01532|-0.59296|0.13378|0.07335|1.00000|0
-0.33054|-1.43816|-0.15066|-0.09084|-0.00409|-0.67222|-0.10468|-0.94890|-0.51302|0.64889|-0.85359|0.07143|0.23035||0.00044|0.09754|-0.16859|-0.77655|-0.65353|0.41930|-0.80129|-0.22937|0.36793|-0.99602|1.46511||-0.44693|0.09054||0.32393|0.91434|-0.06294|0.30448|0.80716|-0.74670|0.50639|-0.46800|0.05844|-0.98997|2.00000|0
-0.55936|-1.07008|-0.37715|0.30897|0.07265|-1.16112|-0.40099|-0.78319|-0.48252|0.50520|-0.58949|-0.50201|0.24824||-0.30195|-0.30265|0.15633|-0.24249|-0.46322|0.74231|-1.14951|-0.10073|0.32884|-0.39309|1.22525|0.19405|-0.56040|-0.14404|0.29600|-0.50116|-0.01589|0.42753|0.22286|0.96520|-0.41722|-0.03252|-0.45577|0.29689|-0.81797|3.00000|0
-0.10438|-1.09828|-0.08504|0.10481|-0.12926|-1.40177|0.04568|-0.24885|-0.53455|0.82620|-0.21102|0.27140|0.85312|-0.50963|0.46322|-0.37003|0.33987|-0.56216|0.35145|1.47295|-0.40873|0.11482|-0.51942|-0.09897|0.84500||-0.42567|-0.53062|-0.39248|-0.02251|0.42528|-0.12594|0.41384|0.56193|-0.93512|0.06355|-0.61808|-0.49886|-0.53533|4.00000|0
0.03013|-1.85631|-0.55354|-0.37877|-0.24234|-0.84969|-0.56069|-0.46249|-0.36639|1.34535|-0.97200|0.29125|0.49931|-0.35507|-0.57447||0.29839|-0.76390||0.71354|-0.52419|0.50811|-0.69853|-0.62711|0.51117|-0.68065|-0.90511|0.51146|0.36251|-0.52366|0.08050||0.45552|0.87991|-0.42411|0.13532|0.00391|0.26976|-0.63682|5.00000|0
0.06673|-1.74954||-0.47397|0.01982||-0.75028|0.01558|0.02584|0.47428|-0.21442|0.11302|-0.38411|-0.26252|-0.08849|0.09540|-0.33864|-0.82930|-0.01671|1.23113|-0.81124|0.51369|0.60675|-0.57922|1.06395|-0.17851|-0.17039|0.38223|0.66691|0.12085||0.03551|0.31215|0.79185||0.65102|-0.08349|0.05590|-0.91510|6.00000|0
|-1.33272|-0.29957|-0.15026|-0.32018|||-0.72450|-0.56484|0.55918||-0.57707||-0.64920|0.24258|-0.20343||-0.20148|-0.06407|0.60474|-0.86129|0.51492|-0.27615|-0.22356|1.90568|0.36702|-0.79058|-0.32102|0.45769|-0.54971||0.40797|0.08344|1.24159|0.12813||-0.08430|0.75965|-0.78117|7.00000|0
-0.58579|-1.49546|0.19448|0.30676|-0.26175|-1.21746|-0.46311|-0.48482|-0.55716||-0.38066|-0.12408||-0.27785|-0.09641|0.24251|0.69308|-0.52784|0.06522|0.22515|-0.79250|-0.16571|-0.42155|-0.08576|1.44743|0.40488|-1.31808|-0.08526|0.10846|||0.03602|0.12759|0.45342|-0.42503|0.06001|-0.68102|0.11709|-1.11514|8.00000|0
0.25977||-0.48913|0.15098|0.02176|-1.05417|-0.40535||-0.99065|0.91455|-0.55145|0.05624|0.88123|-0.95676|-0.34147|0.12765|0.17550|-0.86701|0.40590||-1.35297|0.18986|0.35353|-0.22254|0.53558||-0.51026|0.51488|0.21172|-0.21677|0.01549|0.84801|0.33894|1.41875|-0.63195|0.17923|-0.86296|-0.05764|-0.36800|9.00000|0
0.26312|-1.39202|-0.68860|-0.20466|-0.09269||-0.47430|-0.87666|-0.59191|0.27713|-0.93586|-0.03637|0.83964|-0.88544|-0.06579|-0.16121|-0.30373|-0.43633|-0.13568|1.33970|-1.20123|0.65091|-0.00794|-0.64879|1.40594|0.40311|-0.50845|0.02816|-0.03402|-0.14899|0.42793|0.29555|0.08315|0.84935|-1.00805|0.34991|-0.65650|-0.55586|-0.73304|10.00000|0
-0.64571|-1.89087|-0.58336|-0.42442|0.20079|-1.20066|-0.53918|-0.38295|-0.74973|0.78801|-0.82451|-0.44376|-0.11177|0.30126|-0.17911|0.15166|0.02740|-0.67905|0.06307|1.48317|-1.29191|-0.02948|-0.28257|-0.85203|1.46169|0.74449|-1.05603|-0.44194|0.22183|0.37362|-0.57710|0.14441|0.02383|1.22724|-0.78267|0.02199||-0.26568|-0.22727|11.00000|0
|-1.81462|-0.98605|-0.16688|0.05717|-0.94750|-0.31948|-0.97974|-0.50850|0.62300|-0.03282||0.48269|-0.61837|-0.08976|-0.14639|-0.22158|-0.75556|-0.31947|1.02743|-0.96466|0.60313|0.00758|-0.63942||0.37431|-0.91164|0.12658|0.34446|-0.59008|0.43324|-0.50991|0.18458|0.76009|-1.13174|0.15391|-0.22514||-0.86083|12.00000|0
-0.45395|-1.60445|-0.51663|0.00299|-0.35346|-0.83562|-0.23653|-0.63666|-0.63902|0.82986|-1.06713|0.14165|0.61570|-0.25098|0.06714|-0.16250|||0.19641|0.88764|-1.45830|0.70389||-0.03150|1.28211|-0.08783|-0.38968|-0.00683|-0.54037|0.01875|-0.11251|-0.49366|0.17811||-0.53519|0.21673|0.33380||-0.74849|13.00000|0
-0.55346|-1.75312|-0.17434|0.10941|0.10657|-0.56990|-0.55698|-0.60674|-0.22937|0.84099|-0.10969|0.11944|0.42234|-0.22339|-0.41793|-0.50753|0.24150|-0.75433|0.15363|0.22110|-1.05608|0.30568|-0.23086|-1.17414|1.08304|0.77141|-0.58622|-0.16562|0.34081|0.15161|-0.55640|-0.08350|0.59047|1.10186|0.18986|0.51915|-0.16859|0.18205|-0.43689|14.00000|0
|-1.34972|0.49169|-0.18400|0.15648|-0.99186|0.30302|||0.29821|-0.54963|-0.08887|0.80591|0.01568|-0.59533|-0.25401|0.15617||-0.48717|1.17876|-0.75540|0.68824|-0.09479||1.11626|0.84111|-1.03866|-0.25424|0.41765|-0.35909|0.64615|0.05112|0.07731|0.88862|-0.52834|0.44242|||-0.28838|15.00000|0
0.80370|-1.80163|0.01298|0.30930||-1.54631|-0.00665|-0.77788|-0.77550|0.06036|-0.98738||0.26520|-0.39963|0.00737|0.28298|-0.07895|-0.56048||0.68869|-1.28683||0.06213|-0.64364|1.07692|0.37975|-0.47439|-0.51376|-0.01701|-0.24561|||0.36134|1.11231||0.04007|-0.40623|0.50054|-0.53936|16.00000|0
0.03427||0.66454|-0.12848|0.62380|-2.05738|0.29518|-1.17825|-0.33344|0.87540|-0.60397|-0.61118|0.65939|-0.60964|-0.18259|-0.14530|-0.08128||0.47162||||0.07952|-1.01573|0.88739|||0.07259|-0.35475|0.00660|-0.11888|0.06417|0.36203|0.75334||-0.06704|-0.49235|-0.51260|-0.72269|17.00000|0
1.01342|-1.67482|0.44301|-0.66249|0.99470|-1.51073|0.16743|-1.38664|-0.45312|0.48421|-0.51384|-0.39912|0.39985|0.44803|-0.09138|-0.01725||-0.48719|-0.34413||-0.60689|0.61007|0.11430|0.15902|0.96303|0.48632|-0.90159|0.56632|-0.33714|-0.34782|0.22454|0.19233|0.61254|1.35143|-0.95631|0.38455||||18.00000|0
|-2.42388|-0.19844|-0.75200|0.72522|-1.52514||-1.52898|-1.02197|0.37191|-0.80631|-0.44575|0.68301|-0.57599|-0.75910|0.31020|-0.00073|-0.61014|0.08269|1.03637|-0.91498|0.94830|0.22036|-0.24766|1.34370|-0.05247|-0.77720|-0.04605|0.41866|-0.58881|0.98169|-0.00337||0.26500|-0.50385|0.09050|-0.52939|0.10860||19.00000|0
0.28286|-2.46463|0.79818|||-1.94016|0.13668|-1.35899|-0.88714|0.46701|-0.49488|-0.36205||-0.51663|-0.80218|-0.43964||-0.68315|-0.01933|0.19441|-1.09061|0.79508|0.26617||0.88967|0.67828|-0.92220|-0.36453|0.06525|0.39365|0.48681|0.36583|0.23258|1.19147|-0.61592|0.06678|0.59224||-0.88773|20.00000|0
0.75873|-2.18434|0.41419|-1.33265|0.70818|-1.91545|0.58851|-1.34706|-0.37446|0.92106|-0.86991|0.28425|1.26431|-0.07964|0.02172|0.12017|0.66377|-1.05955|0.00680||-0.66789|0.36256|0.17917|-0.48215||0.41112|-1.11913||0.65302|-0.45173|0.32536|0.19276|0.02590|0.92704|-0.77644||0.53150|0.78415|-0.78903|21.00000|0
0.79501|-2.72912|1.25690|-1.28405|1.28085||1.16271|-1.91677|-0.72074||-0.22693|-0.00700|0.70145|-0.53275||0.38129|0.28297|-0.68317|0.06963|1.17800|-1.08827||0.00562|0.03130|0.71476|0.87450|-0.94331||0.78704|-0.14718|-0.04534|-0.16547|0.72622|1.28034|-0.55488||-0.02805|-0.14926|-0.58805|22.00000|0
0.67315||0.86845|||-2.35642|1.17893|-2.08186|-0.17552|1.05718|-0.27843|0.77530|0.24178|-0.06722|-0.17837|0.71580|0.63342|-1.41901|-0.29342||-0.65183|0.77343|0.04681|-0.22559|1.42881||-0.36002|-0.74611|0.56784|-0.47519|0.74528|||0.99398|-0.72436|-0.19759|-0.82654||-0.53843|23.00000|0
|-2.71181|0.98107|-1.05330|1.32312|-1.98015||-2.41642|-0.54159|0.66551|-0.79966|0.34029|0.39049|-0.18831||0.19186|0.17533|-0.88227||0.94516|-0.30636||-0.16018||1.35289||-0.70226|-0.05546|-0.28695|-0.19217|-0.36660|0.09023|0.14623||-0.48215|0.21732|-0.77919|-0.53565||24.00000|0
0.73857|-2.67860|0.73478|-0.89181||-2.38915|0.91645|-2.52643|-0.28623|1.25122|-0.41637|0.02401|0.18996|-0.14599|-0.15315|0.35748|0.02297|-0.12573|-0.64834|0.71148|-0.61977||-0.20565|-0.47794|0.71727|0.49899|0.13459|0.44547|-0.04214|-0.41894|0.26809|0.31164||0.62153|-0.09574|0.42451|-0.40882|-0.31486|-1.25473|25.00000|1
0.29628|-2.97297|0.88407|-0.95135||-2.08329|0.62546|-2.20126||0.37531|-0.81817|-0.05791|-0.02986|0.16460||-0.32110|-0.05608|-0.81451|0.10383|0.91030|-1.00305|0.91354|-0.67717|-0.38494||0.50374|-0.64231|-0.27443|0.12168|0.16414|0.53192|-0.27800|1.11431|1.67133|-0.91726||0.60016|0.35073|-0.63495|26.00000|1
0.88755|-3.30978|0.91183|-0.85909|1.08846|-2.64824||-2.52286|-0.79824|0.57328|-0.11989|0.10856|0.70729|-0.22553|-0.04631|0.02171|-0.06946|-0.46934|-0.33380|1.28455|-0.91636|0.25358|-0.09959|-0.62183|1.25632|0.20611||-0.22886|-0.44937||||0.77105|1.08983|-0.87355|-0.14491|0.34454|0.18784|-0.71088|27.00000|1
1.93542||1.15338|-0.99566|1.44379|-2.70828|0.65780||-0.81683|0.61503||0.79985|0.23277|-0.39279|-0.12453|0.21934|0.40462|-0.90670||0.24105|-1.25246|0.70338|0.08759|-0.74028|1.06978|0.46837|||0.25836|||0.52629|-0.36550||-0.32868|-0.00914|-0.56084|0.05498|-0.71405|28.00000|1
0.41976|-3.28700|0.80529|-1.31151|1.30726|-2.26959|1.34223|-2.67924|-0.16190|1.04734|-0.08670|0.46691|0.47965|-0.41111|0.22175|-0.41201|0.11157|-0.92073|-0.08339|0.20576|-1.23998|0.50846|0.38257|-0.03837|1.17214|0.39110|-1.01031||0.25936|0.09879|1.02284||-0.12373||-0.91575|-0.29711|0.17886|0.15569||29.00000|1
1.51809|-3.36136|0.86799|-1.23789|1.32743|-2.26985|1.44213|-2.08113|-0.07041|1.11321|-0.25304|-0.55533|0.48480|-0.24029|-0.20112|0.38522|-0.08781|-1.05904|0.55119|1.04840|-0.85155|0.83998|0.44350|-0.26552||0.22090|-0.87938||0.41555|0.30400||-0.43710|1.11016|0.70511|-0.83694|0.20507|-0.12900|-0.17041|-0.43566|30.00000|1
|-3.17290|1.37435|-1.34165|1.34353|-2.52656|2.01691|-2.75349|-0.00084|0.61822|-0.52889||0.84353||0.04801|-0.14386|-0.14991|-0.55665|0.24900|1.30461|-0.78184|0.88669|0.60248|||0.04461|-1.22280|0.60177|0.04942|0.31788|0.61475|0.56043|0.75143|0.82728|-0.47541|0.15169|-0.21664|-0.10940|-0.72374|31.00000|1
0.48121|-3.14493|0.78715|-1.05434|||1.29890|-3.06194|-0.09786|0.42544|-0.26668|0.04434|-0.37431|-0.61478|0.01016|0.61017|0.13881|-0.64484|-0.44876||-0.29581|0.52563|-0.00530|-0.95155|1.50941|1.40315|-0.46858|0.48701|0.53574|-0.45802|0.87758||0.32662|0.96071|-0.09638|0.26748|-0.14259|-0.19016|-1.16360|32.00000|1
|-3.69313|0.66150|-1.29135|0.57941|-2.96545||-2.44171||1.33904|-1.00866|-0.25737||-0.42603||0.66449||-1.13970|-0.41524|0.93279|-0.82145||-0.27328|-0.19773|1.40229|0.23223|-0.50180||-0.27806|-0.22249|0.55504||-0.34828|0.76406|-0.14216|0.67503|-1.04476|0.99102|-1.10681|33.00000|1
1.50893||1.15695|-1.52630|1.44711|-2.74417|0.14541|-1.51538|-0.23747|1.27287|-0.80359|0.49411|1.08709|0.19393|-0.07444||-0.02379|-1.50600|-0.55002|0.84747|-1.27528|0.45807|0.03346|0.29087|1.65442|0.44165|-0.29646|-0.22819|0.22810|0.20531|-0.02484|-0.13755|-0.06195|0.90423|0.16598|-0.14135|-0.19893|||34.00000|1
1.58613|-2.40855|1.27365|-1.37051|1.47453|||-2.40365|-0.38741|0.84909|-0.68734|-0.16104|-0.07180|-0.50481|-0.56484||-0.29690|-0.69960|0.20432||-1.21293|0.18547|0.33289|0.21234||0.33506|-0.20682|||-0.34294|-0.56336|0.88787|0.95266||-0.34624|0.04681|-0.24221|-0.44279|-0.95084|35.00000|1
1.15491|-2.81567|1.13250|-0.29758|0.97731|-2.40307|0.35764|-2.94410|-0.02032|0.30656|-0.29878|-0.04113|0.16504|-0.47205|||0.30203|-0.50671|-0.15641|0.49781||0.48062|0.43151|0.54447|1.49527|0.44520||-0.25513|0.02868||0.27138|-0.18941|0.66065|0.72346|||0.29762|0.25381|-0.08621|36.00000|1
1.59834|-3.32237|1.35559|-0.17288|0.79958|-2.08215||-2.35810|-0.21748|1.08441|-0.71912||0.21983|-0.59210||0.01508|0.09069||-0.46213|1.52467|-0.51405|0.77588||-0.41684|1.39666|0.60486||0.31046|1.39190|-0.77592|0.76663|0.09257|0.36030|1.35557|-0.83016|0.18037|0.24770|0.00563||37.00000|1
0.91710|-2.67920||-0.80588||-2.25319||-3.43481|-0.48745|0.25266||0.53403|0.12863|-0.73164|0.45129|0.10800|0.59292||-0.27179||-0.48584|0.85426|0.07193||1.15975||-0.02452||-0.06100|-0.28492|0.67113|0.19094|0.35100|0.62257|-0.39679|-0.48036|-0.74644|0.36385|-0.88479|38.00000|1
1.51537|-3.00163|1.11200|-0.35401|1.46809|-2.62140|1.29180|-2.35873|-0.79330|0.66279|-0.54389|-0.72706||-0.45203|-0.22474|-0.52561||-0.74931|0.08236|0.40672|-0.70071|0.07824|-0.00890|0.08470|0.95113|0.27361|-0.33340|-0.09344||-0.03369||-0.83253|0.10244|0.50089|||-0.57953|0.18459|-1.03156|39.00000|1
1.22096|-3.49722||-0.53267|1.34333|-2.72238|1.00507|-2.83378|-0.38830|0.94540|-0.77780|-0.09439|0.92869|-0.52813||-0.29987|-0.25461|-0.91825|0.80740|0.67213|-1.11377|0.31851||-0.15531|1.26657|1.17759|-0.64475|0.55130|0.44286|0.09868|-0.09551|-0.08438||0.77808|-1.15890|0.43010|-0.41349|-0.07696|-0.80163|40.00000|1
1.21945|-3.68027|0.77872|-1.01808||-2.62567|0.82748|-2.79755|||-0.85484|0.51365||-0.50870|0.20706|-0.44679|-0.56778||-0.09773|0.70140|-1.10859||-0.67569||0.70349|0.22606|-0.86407|-0.35996|-0.13384|-0.46540||0.16658||0.51504|-0.68245|-0.20033|-0.12055|-0.63674|-0.27890|41.00000|1
0.80273|-3.11660|1.46600|-0.99990|1.59628|-2.44681|1.45873|-2.06969|-0.52012|1.14026|-0.42686|0.01090||-0.45123|0.20513|-0.39315|0.26564|-0.61302|0.14283|0.04302||0.74252|-0.19542||0.36792|0.69234|-0.95142||-0.29896|0.12902|0.32682|0.24275|0.07635|0.64665|0.37946|||-0.02044|-1.07021|42.00000|1
1.68072|-3.48184|0.50047|||-2.20626||-2.80913||0.15210|-0.98088|0.32387|0.29546|0.44769|-0.04106||0.31753|-0.10459|0.21583||||-0.10102|-0.65566|1.55601|0.50634||-0.08820|0.08153|-0.00958|0.44814||0.64873|0.31588|-0.26295|0.43581|-0.11843|0.43688|-0.90467|43.00000|1
||0.34875|-0.76095|0.97435|-2.60096|0.53906||-0.89011||-0.35502|-0.82375|0.79389|-0.76386|-0.44023|0.30353|0.01215|-1.27279||0.51408|-0.84173|0.58559|0.56558|-0.54437|1.55308|0.19769|-0.32683|-0.22233|0.21924|0.55032|0.52069||1.18507|0.98959|-0.69105|0.37900|-0.69157|0.47127|-0.29022|44.00000|1
||1.10954|-1.46200|||0.87685|-2.64688|-0.58095|0.74407|-0.91433|0.18647|0.46758|-0.57774|-0.54541|-0.34781|0.16438|-1.07238||1.18699||1.06177|-0.03209||1.55743|0.56572||0.04858|||0.66049|0.13632|0.53954|0.94468|-0.32633|0.46845|-0.45718|0.68385|-0.74950|45.00000|1
1.04538|-3.32174|1.81587|-1.22808|0.78079|-2.74377|0.91732|-1.75118|-0.41294|0.96369|-0.83508|0.10390|0.76565||-0.31072||0.14417|-1.09263|0.03887|||0.72516|0.26070||0.73175||-0.62647||0.83963|-0.29559|0.69400|-0.12431|||-0.40586|||0.02255|-0.80910|46.00000|1
0.76376|-3.41133|1.08629|-1.31785|1.18635||1.72974||-0.32782||0.28225||0.50024||0.04006|0.55989|0.03163|-0.00027|-0.26302|1.05821|-1.27893||-0.04409||||-1.10873|-0.07645|-0.14221|-0.06521|0.37427|-0.16204|0.16079|0.72805|-0.66664|0.30702|0.25260|-0.59939|-0.75291|47.00000|1
|-3.56852|1.05333||||0.97184||-0.57157|0.09270||0.08138|0.47671|-0.00544|0.35945|-0.31602|-0.23511||0.54228|0.55686|-1.34154||-0.10273|-0.93931|1.21116||-1.14321|0.36535|||0.62993|0.24472||0.87855|-0.69429|0.73347|-0.05050|-0.30977|-0.71090|48.00000|1
